[0, 40]: 82.8297924298
[0, 94]: 27.9518315018
[10, 17]: 48.8664575191
[10, 30]: 30.9029432985
[10, 31]: 39.3301282867
[10, 32]: 30.3191259062
[10, 36]: 36.8010510964
[10, 39]: 47.4467041576
[10, 44]: 36.9335459708
[10, 59]: 34.6756673882
[10, 70]: 34.4401015651
[10, 71]: 39.6060961098
[10, 89]: 34.7041417364
[11, 13]: 25.1570995671
[11, 32]: 44.7680324079
[11, 35]: 32.8842277593
[11, 42]: 25.5518075337
[11, 48]: 31.2050366307
[11, 52]: 33.9629812577
[11, 56]: 38.9976256045
[11, 60]: 46.7007643231
[11, 62]: 44.4936490797
[11, 70]: 35.8105770537
[11, 88]: 27.2234218396
[12, 14]: 53.8214701965
[12, 18]: 52.3554106626
[12, 24]: 43.4016404347
[1, 2]: 32.0177942227
[12, 53]: 49.3087315248
[12, 70]: 37.5008448852
[12, 88]: 39.2037487195
[12, 89]: 38.6635483797
[1, 29]: 31.2493298368
[12, 96]: 46.1149869867
[12, 97]: 38.4866469916
[12, 98]: 39.3904908817
[13, 16]: 39.3974622445
[13, 37]: 28.8850315319
[13, 42]: 27.257635317
[1, 34]: 40.3538500486
[13, 62]: 19.231102476
[13, 88]: 23.6982026144
[13, 90]: 25.0106800063
[13, 95]: 26.7837129975
[1, 43]: 46.540080285
[14, 59]: 36.3252561766
[1, 52]: 39.1731396513
[15, 25]: 29.6279534475
[15, 35]: 33.0653331286
[15, 48]: 36.0128031706
[15, 87]: 31.8897939018
[16, 40]: 60.2092340408
[16, 68]: 41.7586154489
[16, 82]: 40.5835626637
[16, 84]: 33.7656365702
[17, 22]: 45.4070536189
[1, 72]: 34.1974349198
[1, 73]: 40.4680439444
[17, 35]: 35.7891982719
[17, 42]: 34.7803128304
[17, 52]: 34.87485995
[1, 75]: 32.8080770393
[17, 81]: 24.3565880757
[1, 78]: 36.7926249189
[17, 84]: 42.4020080358
[17, 90]: 33.0365707392
[17, 92]: 37.702470745
[17, 93]: 38.476192185
[17, 95]: 30.521018835
[17, 96]: 40.5337928154
[1, 81]: 44.1520374362
[18, 21]: 32.8942772097
[18, 45]: 27.9473645635
[18, 87]: 44.3114488238
[1, 90]: 30.989730591
[19, 20]: 34.0587793484
[1, 95]: 35.7119533245
[19, 55]: 20.9267407
[19, 61]: 21.9386919367
[19, 72]: 28.6258249061
[1, 97]: 37.9871705479
[19, 79]: 42.2209666065
[20, 36]: 46.2154998167
[20, 42]: 32.2363250913
[20, 43]: 38.7705668146
[20, 58]: 31.9927694639
[20, 82]: 26.4684407096
[2, 11]: 34.365201918
[21, 31]: 31.691703966
[21, 44]: 56.1829488107
[21, 62]: 29.7702105901
[21, 99]: 30.0024284324
[2, 24]: 26.5997433122
[2, 25]: 55.6718027142
[22, 81]: 29.7344296785
[22, 99]: 27.3694082663
[23, 41]: 33.3294579947
[23, 53]: 32.3556484709
[2, 37]: 27.7175055337
[23, 75]: 45.5111850052
[24, 43]: 36.3054556555
[24, 49]: 41.2092439423
[24, 52]: 30.8938222725
[24, 78]: 26.509010434
[25, 38]: 99.0
[25, 59]: 48.3170546844
[25, 67]: 47.9098424522
[25, 87]: 54.3836940837
[26, 28]: 30.60951335
[26, 29]: 38.7360966648
[26, 34]: 21.1942692325
[26, 41]: 27.6365712504
[2, 64]: 31.6829633233
[26, 49]: 33.6371656122
[26, 53]: 32.4696669945
[26, 56]: 19.2758986765
[26, 76]: 34.5868357949
[26, 80]: 34.6057383537
[26, 89]: 32.7055276423
[26, 98]: 27.0537466618
[27, 51]: 34.3689723417
[27, 58]: 31.7354235376
[27, 62]: 24.5366580315
[27, 66]: 21.8003785387
[27, 87]: 29.3745603811
[2, 79]: 36.0009798208
[28, 35]: 37.9558912864
[28, 39]: 32.0061561976
[28, 49]: 28.798159107
[28, 54]: 32.5539750016
[28, 63]: 34.9623274386
[28, 74]: 25.974640126
[28, 79]: 29.9983532549
[28, 81]: 29.31227651
[28, 87]: 42.3828171521
[29, 37]: 36.1325293987
[29, 43]: 34.2356477304
[29, 50]: 34.9695568768
[29, 94]: 42.8018162393
[30, 33]: 29.6272301228
[30, 49]: 36.4003542209
[30, 70]: 30.8932040182
[30, 74]: 23.4166740123
[30, 75]: 36.7440604116
[3, 14]: 33.8514771778
[31, 57]: 23.1467429629
[31, 66]: 35.354658392
[31, 67]: 32.7130391667
[31, 74]: 34.5137500357
[3, 23]: 24.0250382486
[32, 34]: 21.1718882275
[32, 41]: 31.125501706
[32, 50]: 27.4059858153
[32, 54]: 24.2924956225
[32, 59]: 38.0594040913
[32, 72]: 31.7648648018
[32, 80]: 29.2632894002
[32, 91]: 29.3457384567
[33, 47]: 29.9131598793
[33, 78]: 27.5859029859
[33, 80]: 41.4368510574
[3, 39]: 53.1015875765
[34, 41]: 25.2979458663
[34, 60]: 31.6866786966
[34, 71]: 26.948468532
[34, 91]: 20.3924865168
[34, 92]: 27.7660750501
[35, 42]: 23.2752256515
[3, 54]: 33.402175164
[35, 52]: 19.6469395656
[35, 65]: 24.8184305461
[36, 50]: 34.4793981467
[36, 54]: 35.9914452069
[36, 59]: 33.7870939149
[36, 60]: 37.00051225
[36, 69]: 46.6824452461
[36, 72]: 24.6400095236
[36, 78]: 36.9337190587
[36, 83]: 51.387049062
[36, 92]: 30.6078680092
[3, 73]: 31.4702562058
[37, 39]: 37.3261747025
[37, 47]: 39.2665249783
[37, 62]: 35.8654907184
[37, 64]: 26.7341343297
[37, 66]: 33.5074303148
[37, 69]: 30.1812721592
[37, 75]: 35.9919781199
[3, 80]: 35.026771036
[39, 57]: 45.514027944
[39, 64]: 44.1216228664
[39, 66]: 36.418151087
[39, 75]: 28.2929849949
[39, 81]: 34.5260325201
[39, 95]: 27.8391173154
[39, 98]: 37.4675352425
[39, 99]: 67.0778313791
[40, 44]: 42.2850150162
[40, 46]: 44.5984744787
[40, 47]: 44.6832489406
[40, 48]: 31.8879375462
[40, 51]: 59.6455423096
[40, 58]: 52.5476735099
[40, 60]: 60.2357932852
[40, 63]: 44.9493468949
[40, 85]: 46.0105361537
[41, 44]: 37.0719699722
[41, 56]: 22.9623221661
[41, 61]: 41.9303352495
[41, 68]: 40.6899600245
[41, 75]: 31.6312873962
[41, 80]: 30.9095593865
[4, 20]: 34.6910753265
[4, 22]: 47.6396094832
[42, 70]: 21.208044733
[42, 73]: 31.2155537445
[4, 32]: 47.1967480483
[43, 48]: 33.4036727312
[43, 63]: 29.1986253942
[43, 85]: 32.58858436
[43, 87]: 45.968158609
[44, 48]: 24.6302820687
[44, 51]: 43.1406341165
[44, 54]: 27.7739144044
[44, 55]: 38.515613304
[44, 60]: 35.4768533782
[4, 49]: 46.7272810523
[4, 51]: 46.9865275652
[4, 5]: 23.5811524002
[4, 53]: 32.0089297957
[45, 47]: 29.1402772065
[45, 58]: 40.2759651296
[45, 79]: 41.775907834
[45, 89]: 35.3281763988
[46, 47]: 21.2773230854
[46, 61]: 32.2814557519
[46, 64]: 37.300902284
[46, 70]: 40.603138017
[46, 73]: 31.3515066805
[4, 73]: 35.0063657103
[4, 7]: 43.874969475
[47, 52]: 36.3022026176
[48, 54]: 31.1779253361
[48, 58]: 29.8972406678
[48, 75]: 41.226081651
[49, 50]: 30.6687548563
[49, 56]: 28.7377680653
[49, 65]: 50.8163363382
[49, 74]: 35.9166680542
[49, 79]: 35.3602595933
[49, 82]: 40.657010767
[49, 91]: 36.8011671335
[49, 95]: 35.0987967588
[50, 56]: 19.1261144411
[50, 57]: 27.56001776
[50, 66]: 35.6622693973
[50, 92]: 26.1423601846
[50, 93]: 19.2432578533
[5, 16]: 36.8012956342
[51, 66]: 42.9573796087
[51, 79]: 41.0286261683
[51, 80]: 41.3549111424
[51, 86]: 55.0629088748
[51, 88]: 27.3742353836
[51, 90]: 31.3740026056
[51, 97]: 37.2503925168
[5, 24]: 37.4755300255
[52, 65]: 31.1236937469
[52, 69]: 29.2116482495
[53, 63]: 29.0720324395
[53, 71]: 29.5113662481
[53, 79]: 33.9812099235
[53, 82]: 30.1573856484
[54, 56]: 20.0628499278
[54, 89]: 31.0009236095
[54, 93]: 22.3230919081
[5, 51]: 37.0268260249
[55, 61]: 18.3125928165
[55, 70]: 37.8437468964
[55, 74]: 32.1857406482
[55, 81]: 25.4286507352
[5, 58]: 40.5164875329
[55, 90]: 22.2247603274
[5, 7]: 39.3939910966
[57, 65]: 27.4892421906
[5, 77]: 33.9456906398
[57, 93]: 25.5237637363
[58, 59]: 37.6194833392
[58, 88]: 27.1947347372
[58, 93]: 48.8455117981
[59, 82]: 31.111058283
[60, 67]: 44.8861642299
[60, 76]: 36.5260113854
[60, 83]: 47.612950938
[60, 97]: 36.4854930587
[6, 12]: 39.8820882334
[61, 81]: 32.4644226534
[6, 30]: 28.7298044061
[6, 35]: 31.721349849
[63, 98]: 25.6591075591
[6, 40]: 45.8366355866
[64, 69]: 21.5912825736
[64, 76]: 36.8905107595
[64, 85]: 32.8950358781
[64, 89]: 38.0502145809
[64, 92]: 37.6715730058
[65, 86]: 30.2376148705
[66, 82]: 33.5008146051
[66, 87]: 37.213043623
[66, 88]: 28.3409880754
[66, 95]: 25.229253465
[67, 68]: 31.7923455629
[67, 95]: 42.0231781076
[67, 98]: 26.5826118326
[68, 89]: 37.9568495832
[69, 84]: 30.7561129067
[69, 85]: 18.0483749331
[70, 77]: 35.3796701836
[70, 87]: 47.0583264835
[7, 23]: 26.9176341203
[72, 92]: 23.7542027865
[74, 92]: 28.390497003
[74, 93]: 23.5852933616
[74, 96]: 24.9496987661
[75, 79]: 32.71853024
[75, 81]: 25.4791828931
[75, 95]: 22.7472599898
[76, 91]: 21.7670619861
[76, 96]: 32.744695071
[77, 79]: 27.6657720934
[77, 92]: 29.9376082251
[77, 95]: 28.1431438445
[77, 96]: 19.4818086884
[78, 89]: 28.7495643246
[78, 97]: 18.2126540127
[79, 90]: 24.5930504136
[80, 87]: 54.4088857014
[80, 93]: 32.4657786658
[80, 97]: 30.6507589633
[8, 16]: 37.0827112215
[81, 84]: 33.7429227206
[8, 43]: 48.9888254719
[84, 87]: 47.3565391042
[8, 84]: 24.5960858586
[88, 91]: 30.5930584122
[8, 99]: 27.7019659864
[9, 12]: 50.1192861662
[9, 25]: 60.3310906485
[92, 98]: 30.8110837692
[9, 42]: 39.148176312
[94, 97]: 34.0233516484
[9, 58]: 48.3169075807
[9, 70]: 36.6630766894
[9, 71]: 37.7224552479
[9, 72]: 40.5094497608
[9, 78]: 33.3889619153
[9, 86]: 45.2906239959
[9, 94]: 52.1517857143
